sub_clusters <- list(
  SBharadwaj_20240318_Sample_1_4_7_8_2_5 = list(
    v0.1 = list(
      MoMFs = c(0, 3, 7),
      DCs = c(1, 2, 5, 6, 8)
    )
  ),
  SBharadwaj_20240318_Sample_1_4_7_8 = list(
    v0.1 = list(
      MoMFs = c(2, 3, 8),
      DCs = c(0, 1, 4, 5, 6, 7, 12)
    )
  ),
  SBharadwaj_20240318_Sample_3_6 = list(
    v0.1 =   list(
      MoMFs = c(0, 1, 2, 3, 4, 6, 7, 9, 11, 12)
    )
  )
)