sub_clusters <- list(
  SBharadwaj_20240318_Sample_1_4_7_8_2_5 = list(
    v0.1 = list(
      Monocyte_Macrophages = c(8, 11, 3, 4),
      DC = c(1, 2, 5, 6, 7, 9, 10, 12)
    )
  )
)