sub_clusters <- list(
  SBharadwaj_20240318_Sample_1_4_7_8_2_5 = list(
    v0.1 = c(0, 1, 4, 5, 6, 7, 9, 10)
  )
)