sub_clusters <- list(
  SBharadwaj_20240318_Sample_1_4_7_8_2_5 = list(
    v0.1 = list(
      Monocyte_Macrophages = c(8, 11, 3, 4),
      DC = c(1, 2, 5, 6, 7, 9, 10, 12)
    )
  ),
  SBharadwaj_20240318_Sample_1_4_7_8 = list(
    v0.1 = list(
      Monocyte_Macrophages = c(1, 3, 8, 9),
      DC = c(0, 2, 4, 6)
    )
  ),
  SBharadwaj_20240318_Sample_3_6 = list(
    v0.1 =   list(
      v0.1.1 = c(0, 1, 2, 3, 4, 6, 7, 8, 9, 11, 12, 13, 15)
    )
  )
)